Webots Project File version R2021b
perspectives: 000000ff00000000fd0000000200000001000002b20000027efc0200000001fb0000001400540065007800740045006400690074006f007201000000170000027e0000008700ffffff00000003000007800000013dfc0100000001fb0000001a0043006f006e0073006f006c00650041006c006c0041006c006c0100000000000007800000006900ffffff000004cc0000027e00000001000000020000000100000008fc00000000
simulationViewPerspectives: 000000ff000000010000000200000100000005620100000002010000000100
sceneTreePerspectives: 000000ff0000000100000002000001df000000fa0100000002010000000200
maximizedDockId: -1
centralWidgetVisible: 1
orthographicViewHeight: 1
textFiles: 0 "controllers/main/your_controller_ekf_slam.py"
consoles: Console:All:All
renderingDevicePerspectives: tesla:console;1;1;0.162791;0.00294551
renderingDevicePerspectives: tesla:speedometer;1;1;0;0
